Version 0.9.7
7
 4 10 247 77 128 0 1
 5 80 400 206 81 2 2
 0 160 174 877 276 8 3
 1 220 42 206 81 156 5
 1 240 509 206 81 166 6
 3 566 510 203 58 178 7
 6 903 10 449 130 187 8
 0
43
 255 5 71 274 71 274 150 274 150 422 213 422 213 422 0 1 0 3
 0 5 213 435 213 435 71 435 71 435 71 360 71 360 0 3 0 1
 0 5 71 321 71 321 88 321 88 201 213 201 213 201 0 1 0 3
 255 5 71 261 71 261 71 188 71 188 213 188 213 188 0 1 0 3
 255 5 304 188 304 188 304 188 304 240 304 240 304 240 0 3 0 3
 65793 5 447 383 447 383 447 383 447 435 447 435 447 435 0 3 0 3
 65793 5 239 435 239 435 239 578 239 578 255 578 255 578 0 3 0 6
 65793 5 239 201 239 201 239 111 239 111 235 111 235 111 0 3 0 5
 255 5 226 188 226 188 226 53 226 53 235 53 235 53 0 3 0 5
 65280 5 391 520 391 520 391 453 343 453 343 383 343 383 0 6 0 3
 65280 5 372 520 372 520 372 463 330 463 330 383 330 383 0 6 0 3
 65280 5 356 383 356 383 356 440 410 440 410 520 410 520 0 3 0 6
 65280 5 369 383 369 383 369 428 429 428 429 520 429 520 0 3 0 6
 16777088 5 317 383 317 383 317 476 353 476 353 520 353 520 0 3 0 6
 16777088 5 317 279 297 279 297 489 334 489 334 520 334 520 0 3 0 6
 16777088 5 315 520 313 520 313 259 343 259 343 279 343 279 0 6 0 3
 16777088 5 296 520 288 520 288 251 369 251 369 279 369 279 0 6 0 3
 16711935 5 304 344 256 344 256 33 409 33 409 53 409 53 0 3 0 5
 16711935 5 330 240 330 240 330 40 390 40 390 53 390 53 0 3 0 5
 16711935 5 371 53 371 48 361 48 361 240 356 240 356 240 0 5 0 3
 16711935 5 382 240 382 240 382 18 352 18 352 53 352 53 0 3 0 5
 255 5 915 188 915 188 915 37 915 37 919 37 919 37 0 3 0 8
 255 5 252 422 252 422 252 520 252 520 255 520 255 520 0 3 0 6
 4227072 5 434 344 434 344 434 313 772 313 772 344 772 344 0 3 0 3
 4227072 5 421 344 421 344 421 323 759 323 759 344 759 344 0 3 0 3
 4227072 5 408 344 408 344 408 334 837 334 837 344 837 344 0 3 0 3
 4227072 5 447 279 447 279 824 279 824 279 824 344 824 344 0 3 0 3
 255 5 759 188 759 188 759 188 759 240 759 240 759 240 0 3 0 3
 65793 5 850 435 850 435 850 435 850 383 850 383 850 383 0 3 0 3
 16711680 5 837 383 837 383 837 554 837 554 752 554 752 554 0 3 0 7
 16711680 5 692 554 692 554 692 577 824 577 824 383 824 383 0 7 0 3
 16711680 5 759 383 759 383 759 505 744 505 744 554 732 554 0 3 0 7
 16711680 5 772 383 772 383 772 568 712 568 712 554 712 554 0 3 0 7
 16711808 5 772 240 772 240 772 146 1317 146 1317 133 1317 133 0 3 0 8
 16711808 5 785 240 785 240 785 160 1330 160 1330 133 1330 133 0 3 0 8
 16711808 5 798 240 798 240 798 175 1252 175 1252 133 1252 133 0 3 0 8
 16711808 5 811 240 811 240 811 187 1265 187 1265 133 1265 133 0 3 0 8
 16711808 5 824 240 824 240 824 198 1278 198 1278 133 1278 133 0 3 0 8
 16711808 5 837 240 837 240 837 209 1291 209 1291 133 1291 133 0 3 0 8
 16711808 5 850 240 850 240 850 220 1304 220 1304 133 1304 133 0 3 0 8
 0 5 577 435 577 435 577 435 577 547 577 547 577 547 0 3 0 7
 8421440 5 395 344 395 344 395 136 287 136 287 53 295 53 0 3 0 5
 8421440 5 382 344 382 344 382 153 266 153 266 53 276 53 0 3 0 5
2
 7181 1 24 298 292 5 0 0 8583448 3
 7047 1 16 753 292 5 0 0 8583448 3
