Version 0.9.7
5
 4 10 175 77 128 0 1
 5 80 400 206 81 2 2
 0 110 110 877 276 8 3
 1 178 453 206 81 140 4
 3 520 459 203 58 150 5
 0
22
 255 5 71 189 71 189 96 189 96 358 163 358 163 358 0 1 0 3
 255 5 189 358 189 358 189 464 189 464 193 464 193 464 0 3 0 4
 255 5 488 280 488 280 488 280 488 358 488 358 488 358 0 3 0 3
 65793 5 71 288 71 288 71 371 71 371 163 371 163 371 0 1 0 3
 65793 5 176 371 176 371 176 522 176 522 193 522 193 522 0 3 0 4
 65793 5 527 371 527 371 527 496 527 496 531 496 531 496 0 3 0 5
 65793 5 488 215 488 215 488 215 488 137 488 137 488 137 0 3 0 3
 65793 5 475 215 475 215 475 215 475 137 475 137 475 137 0 3 0 3
 65793 5 71 249 71 249 86 249 86 137 163 137 163 137 0 1 0 3
 16711935 5 436 280 436 280 436 389 234 389 234 490 234 490 0 3 0 4
 16711935 5 462 280 462 280 462 291 253 291 253 490 253 490 0 3 0 4
 16711935 5 527 280 527 280 527 305 272 305 272 490 272 490 0 3 0 4
 16711935 5 514 215 514 215 514 201 291 201 291 490 291 490 0 3 0 4
 16711680 5 436 215 436 215 436 451 310 451 310 490 310 490 0 3 0 4
 16711680 5 475 280 475 280 475 467 329 467 329 490 329 490 0 3 0 4
 16711680 5 514 280 514 280 514 476 348 476 348 490 348 490 0 3 0 4
 16711680 5 367 490 367 490 493 490 493 215 501 215 501 215 0 4 0 3
 65280 5 462 215 462 215 462 215 462 503 566 503 566 503 0 3 0 5
 65280 5 449 215 443 215 443 511 586 511 586 503 586 503 0 3 0 5
 65280 5 449 280 449 280 449 520 606 520 606 503 606 503 0 3 0 5
 65280 5 501 319 501 319 501 532 626 532 626 503 626 503 0 3 0 5
 65280 5 527 215 527 215 638 215 638 503 646 503 646 503 0 3 0 5
1
 7083 1 16 430 228 5 0 0 8583448 3
